#time0row7[msb-lsb],time0row6[msb-lst],....,time0row0[msb-lst]#
#time1row7[msb-lsb],time1row6[msb-lst],....,time1row0[msb-lst]#
#................#
0000 0000 0000 0000 0000 0000 0000 0000 
0000 0000 0000 0000 0000 0000 0000 0000 
0000 0000 0000 0000 0000 0000 0000 0000 
0000 0000 0000 0000 0000 0000 0000 0000 
0000 0000 0000 0000 0000 0000 0000 0000 
0000 0000 0000 0000 0000 0000 0000 0000 
0000 0000 0000 0000 0000 0000 0000 0000 
0000 0000 0000 0011 0010 0000 0000 0011 
0000 0000 0000 0010 0010 0001 0000 0101 
0000 0000 0000 0000 0100 0000 0000 0001 
0000 0000 0000 0000 0011 0000 0000 0000 
0000 0000 0000 0000 0000 0000 0000 0000 
0000 0000 0000 0000 0000 0000 0000 0000 
0000 1000 0000 0110 0000 0000 0000 0010 
0001 1110 1010 0101 0000 0111 0000 1101 
0001 0010 0101 0000 0000 0000 0000 1010 
0000 0000 0000 0000 0000 0000 0000 0100 
0000 0000 0000 0000 0000 0000 0000 0000 
0000 0000 0000 0000 0000 0000 0000 0000 
0000 0000 0000 1111 0000 0000 0000 0010 
0000 0010 0010 1111 0100 0010 0000 0111 
0000 0000 0010 1000 0000 0000 0000 0100 
0000 0000 0000 0001 0000 0000 0000 0010 
0000 0000 0000 0000 0000 0000 0000 0000 
0000 0000 0000 0000 0000 0000 0000 0000 
0000 0000 0000 1111 0000 0000 0001 0100 
0101 0000 0000 1111 0000 0000 0000 0111 
0010 0000 0000 1111 0000 0000 0000 0101 
0001 0000 0000 0110 0000 0000 0000 0100 
0000 0000 0000 0000 0000 0000 0000 0000 
0000 0000 0000 0000 0000 0000 0000 0000 
0000 0000 0000 0000 0000 0000 0000 0000 
0000 0000 0000 0000 0000 0000 0000 0000 
0000 0000 0000 0000 0000 0000 0000 0000 
0000 0000 0000 0000 0000 0000 0000 0000 
0000 0000 0000 0000 0000 0000 0000 0000 
