#time0col7[msb-lsb],time0col6[msb-lst],....,time0col0[msb-lst]#
#time1col7[msb-lsb],time1col6[msb-lst],....,time1col0[msb-lst]#
#................#
0000000000000000 0000000000000000 0000000000000000 0000000000000000 0000000000000000 0000000000000000 0000000000000000 0000000000000000 
0000000000000000 0000000000000000 0000000000000000 0000000000000000 0000000000000000 0000000000000000 0000000000000000 0000000000000000 
0000000000000000 0000000000000000 0000000000000000 0000000000000000 0000000000000000 0000000000000000 0000000000000000 0000000000000000 
0000000000000000 0000000000000000 0000000000000000 0000000000000000 0000000000000000 0000000000000000 0000000000000000 0000000000000000 
0000000000000000 0000000000000000 0000000000000000 0000000000000000 0000000000000000 0000000000000000 0000000000000000 0000000000000000 
0000000000000000 0000000000000000 0000000000000000 0000000000000000 0000000000000000 0000000000000000 0000000000000000 0000000000000000 
0000000000000000 0000000000000000 0000000000000000 0000000000000000 0000000000000000 0000000000000000 0000000000000000 0000000000000000 
1111111111001000 0000000000000000 0000000000000000 1111111111001000 0000000000111000 1111111111001000 0000000000000000 1111111111001000 
1111111111011101 1111111111011101 0000000000100011 1111111111011101 0000000000100011 1111111111011101 1111111111011101 1111111111011101 
0000000000000000 1111111111110010 0000000000001110 0000000000000000 0000000000000000 1111111111110010 0000000000000000 0000000000000000 
1111111111001111 1111111111111001 1111111111101011 1111111111011101 0000000000100011 1111111111001111 1111111111111001 1111111111101011 
0000000000000000 0000000000000000 0000000000000000 0000000000000000 0000000000000000 0000000000000000 0000000000000000 0000000000000000 
0000000000000000 0000000000000000 0000000000000000 0000000000000000 0000000000000000 0000000000000000 0000000000000000 0000000000000000 
1111111111001000 1111111111100100 0000000000001110 1111111111001000 0000000000111000 1111111110111010 1111111111100100 1111111110111010 
1111111110010111 1111111110001001 0000000000111111 1111111111000001 0000000000111111 1111111110001001 1111111110001001 1111111110110011 
1111111110010000 1111111110010000 1111111111110010 1111111111100100 0000000000011100 1111111110000010 1111111110010000 1111111111110010 
1111111111001000 0000000000000000 0000000000000000 1111111111001000 0000000000111000 1111111111001000 0000000000000000 1111111111001000 
0000000000000000 0000000000000000 0000000000000000 0000000000000000 0000000000000000 0000000000000000 0000000000000000 0000000000000000 
0000000000000000 0000000000000000 0000000000000000 0000000000000000 0000000000000000 0000000000000000 0000000000000000 0000000000000000 
1111111111001000 1111111110101100 0000000000011100 1111111111001000 0000000000111000 1111111110101100 1111111110101100 1111111111001000 
1111111101011111 1111111101010001 0000000000010101 1111111110010111 0000000001101001 1111111101010001 1111111101010001 1111111111101011 
1111111100100000 1111111100010010 1111111111010110 1111111110101100 0000000001010100 1111111100010010 1111111100100000 0000000001111110 
1111111110000010 1111111110011110 1111111111100100 1111111110101100 0000000001010100 1111111101110100 1111111110101100 0000000000001110 
0000000000000000 0000000000000000 0000000000000000 0000000000000000 0000000000000000 0000000000000000 0000000000000000 0000000000000000 
0000000000000000 0000000000000000 0000000000000000 0000000000000000 0000000000000000 0000000000000000 0000000000000000 0000000000000000 
1111111111011101 1111111110110011 1111111111011101 1111111111101011 0000000000010101 1111111110110011 1111111110110011 1111111111111001 
1111111110000010 1111111110000010 1111111111110010 1111111110000010 0000000001111110 1111111110000010 1111111110000010 0000000001100010 
1111111110000010 1111111101011000 1111111110111010 1111111111001000 0000000000111000 1111111101011000 1111111110000010 0000000010101000 
1111111111010110 1111111110101100 1111111111100100 1111111111110010 0000000000001110 1111111110010000 1111111111100100 0000000000101010 
0000000000000000 0000000000000000 0000000000000000 0000000000000000 0000000000000000 0000000000000000 0000000000000000 0000000000000000 
0000000000000000 0000000000000000 0000000000000000 0000000000000000 0000000000000000 0000000000000000 0000000000000000 0000000000000000 
0000000000000000 0000000000000000 0000000000000000 0000000000000000 0000000000000000 0000000000000000 0000000000000000 0000000000000000 
0000000000000000 0000000000000000 0000000000000000 0000000000000000 0000000000000000 0000000000000000 0000000000000000 0000000000000000 
0000000000000000 0000000000000000 0000000000000000 0000000000000000 0000000000000000 0000000000000000 0000000000000000 0000000000000000 
0000000000000000 0000000000000000 0000000000000000 0000000000000000 0000000000000000 0000000000000000 0000000000000000 0000000000000000 
0000000000000000 0000000000000000 0000000000000000 0000000000000000 0000000000000000 0000000000000000 0000000000000000 0000000000000000 
