#time0row7[msb-lsb],time0row6[msb-lst],....,time0row0[msb-lst]#
#time1row7[msb-lsb],time1row6[msb-lst],....,time1row0[msb-lst]#
#................#
01110101110000000000000000000000
10000110001100000000000000000000
01111101110000000000000000000000
10011011101100000000000000000000
01100010110100000000000000000000
01011111010100000000000000000000
00000111100100000000000000000000
00011010101100000000000000000000
00000111010111000000000000000000
01101000011000110000000000000000
01100111110111000000000000000000
01001001101110110000000000000000
10010110001011010000000000000000
00110101111101010000000000000000
01000000011110010000000000000000
10110001101010110000000000000000
00000000011101010000000000000000
00000110100001100000000000000000
00000110011111010000000000000000
00000100100110110000000000000000
00001001011000100000000000000000
00000011010111110000000000000000
00000100000001110000000000000000
00001011000110100000000000000000
10111011110100000111010111000000
00000100000000001000011000110000
01000110010000000111110111000000
00101100011100001001101110110000
11000010010000000110001011010000
01001001101000000101111101010000
11111011010000000000011110010000
10010000110000000001101010110000
11011011101111010000011101011100
00110000010000000110100001100011
00100100011001000110011111011100
01100010110001110100100110111011
10101100001001001001011000101101
10100100100110100011010111110101
01001111101101000100000001111001
10011001000011001011000110101011
00001101101110110000000001110101
00000011000001000000011010000110
00000010010001100000011001111101
00000110001011000000010010011011
00001010110000100000100101100010
00001010010010010000001101011111
00000100111110110000010000000111
00001001100100000000101100011010
10011111111100001011101111010000
10011000100100000000010000000000
11101110101100000100011001000000
01010100101000000010110001110000
10000101011000001100001001000000
11011100111000000100100110100000
00110101111000001111101101000000
01111100000000001001000011000000
11001001111111111101101110111101
00101001100010010011000001000000
00101110111010110010010001100100
01100101010010100110001011000111
11011000010101101010110000100100
10111101110011101010010010011010
00110011010111100100111110110100
11000111110000001001100100001100
00001100100111110000110110111011
00000010100110000000001100000100
00000010111011100000001001000110
00000110010101000000011000101100
00001101100001010000101011000010
00001011110111000000101001001001
00000011001101010000010011111011
00001100011111000000100110010000
