#time0row7[msb-lsb],time0row6[msb-lst],....,time0row0[msb-lst]#
#time1row7[msb-lsb],time1row6[msb-lst],....,time1row0[msb-lst]#
#................#
0010 0100 0000 0101 0000 0000 0011 0000 
0010 0011 0000 0100 0000 0000 0100 0000 
0100 0010 0000 1111 0000 0000 0011 0000 
0000 0000 0000 0000 0000 0000 0000 0000 
0000 0000 0000 0000 0000 0000 0000 0000 
0001 0100 0000 0000 0000 0000 0100 0000 
0100 0101 0000 0000 0000 0000 0110 0000 
0001 0100 0000 0110 0000 0000 0110 0010 
0001 0101 0000 1011 0000 0000 0010 0000 
0010 0101 0000 0111 0000 0000 0010 0000 
0011 0101 0000 0101 0000 0000 0011 0000 
0011 0101 0000 0101 0000 0000 0011 0000 
0011 0101 0000 0100 0000 0000 0100 0000 
0011 0101 0000 0101 0000 0000 0100 0000 
0011 0101 0000 0101 0000 0000 0100 0000 
0100 0100 0000 1101 0000 0000 0100 0010 
0011 0110 0000 0111 0000 0000 0100 0001 
0000 0101 0000 0000 0000 0000 1000 0000 
0001 0011 0000 0000 0000 0000 0111 0000 
0011 0010 0000 0000 0000 0000 0111 0000 
0001 0001 0000 0101 0000 0000 0101 0000 
0001 0001 0000 0110 0000 0000 0011 0000 
0010 0000 0000 1011 0000 0000 0010 0000 
0010 0000 0000 1111 0000 0000 0000 0000 
0010 0001 0000 1111 0000 0000 0000 0000 
0010 0001 0000 0100 0000 0000 0010 0000 
0000 0001 0000 0000 0000 0000 0100 0000 
0000 0001 0000 0000 0000 0000 0101 0000 
0000 0000 0000 0011 0000 0000 0011 0000 
0001 0000 0000 0001 0000 0000 0011 0000 
0001 0001 0000 0000 0000 0000 0110 0000 
0000 0001 0000 0000 0000 0000 0110 0000 
0000 0001 0000 1010 0000 0000 0011 0001 
0000 0011 0000 1111 0000 0000 0000 0000 
0001 0100 0000 0111 0000 0000 0001 0000 
0001 0100 0000 0011 0000 0000 0100 0000 
0100 0010 0000 1110 0000 0000 0011 0000 
0000 0000 0000 0000 0000 0000 0000 0000 
0000 0000 0000 0000 0000 0000 0000 0000 
0001 0011 0000 0000 0000 0000 0100 0000 
0011 0011 0000 0000 0000 0000 0111 0000 
0000 0001 0000 0011 0000 0000 0111 0001 
0000 0010 0000 1111 0000 0000 0000 0000 
0010 0100 0000 1100 0000 0000 0000 0000 
0011 0101 0000 0101 0000 0000 0011 0000 
0011 0101 0000 0101 0000 0000 0011 0000 
0011 0101 0000 0101 0000 0000 0011 0000 
0011 0101 0000 0101 0000 0000 0011 0000 
0100 0101 0000 0100 0000 0000 0100 0000 
0100 0101 0000 0101 0000 0000 0101 0000 
0011 0100 0000 0110 0000 0000 0101 0000 
0010 0011 0000 1000 0000 0000 0011 0000 
0011 0010 0000 0010 0000 0000 0011 0000 
0011 0001 0000 0000 0000 0000 0110 0000 
0010 0000 0000 0101 0000 0000 0100 0000 
0011 0000 0000 0111 0000 0000 0010 0000 
0010 0000 0000 0110 0000 0000 0011 0000 
0001 0000 0000 1111 0000 0000 0000 0010 
0010 0001 0000 1111 0000 0000 0000 0000 
0001 0010 0000 0010 0000 0000 0010 0000 
0000 0010 0000 0000 0000 0000 0110 0000 
0000 0001 0000 0010 0000 0000 0101 0000 
0000 0001 0000 0110 0000 0000 0011 0000 
0001 0010 0000 0000 0000 0000 0101 0000 
