#time0col7[msb-lsb],time0col6[msb-lst],....,time0col0[msb-lst]#
#time1col7[msb-lsb],time1col6[msb-lst],....,time1col0[msb-lst]#
#................#
1111111111000001 1111111111101011 0000000000111111 0000000000100011 0000000001011011 0000000011011001 0000000001101001 0000000001110111 
1111111111101011 0000000001011011 0000000001110111 0000000000000111 1111111111111001 0000000100000011 0000000001001101 1111111111000001 
0000000010000101 0000000010100001 0000000001001101 0000000001110111 0000000000100011 0000000100010001 0000000001101001 1111111111001111 
0000000011100000 0000000011010010 1111111111110010 0000000000101010 0000000000111000 0000000011010010 0000000001100010 1111111111010110 
1111111111000001 1111111110001001 1111111111001111 0000000001110111 0000000000110001 0000000001101001 0000000011110101 0000000000010101 
1111111110010000 0000000000011100 1111111110101100 0000000001100010 1111111110000010 0000000001111110 0000000001100010 0000000001000110 
0000000000001110 0000000000001110 0000000001000110 0000000010110110 1111111111100100 0000000000111000 0000000001000110 0000000000011100 
0000000001000110 0000000000001110 1111111110111010 0000000001100010 0000000000001110 1111111111110010 1111111110010000 1111111111110010 
0000000011011001 1111111110110011 1111111101111011 0000000000100011 0000000001110111 1111111111101011 0000000100111011 0000000010000101 
0000000011011001 1111111111001111 1111111111000001 0000000000000111 1111111111101011 1111111111011101 0000000010111101 0000000001011011 
0000000010010011 1111111111011101 0000000011001011 0000000001011011 1111111110010111 0000000001011011 0000000010000101 0000000010000101 
0000000001111110 1111111110011110 0000000000111000 0000000000011100 1111111110111010 0000000000001110 1111111110111010 1111111110101100 
0000000011011001 0000000000110001 1111111111000001 0000000000100011 0000000100000011 1111111110110011 0000000011011001 0000000000000111 
0000000010100001 1111111111111001 0000000001110111 0000000001001101 0000000100101101 1111111111011101 0000000000100011 1111111110100101 
0000000010000101 0000000000100011 0000000100011111 0000000010010011 0000000100010001 0000000010111101 0000000000110001 0000000000110001 
0000000000010101 1111111110110011 0000000010101111 1111111111111001 0000000010111101 0000000010111101 0000000000100011 0000000001011011 
