#time0col7[msb-lsb],time0col6[msb-lst],....,time0col0[msb-lst]#
#time1col7[msb-lsb],time1col6[msb-lst],....,time1col0[msb-lst]#
#................#
0000000000000000 0000000000000000 0000000001001111 0000000000101100 0000000001000110 0000000001011000 0000000000000000 0000000000000000 0000000000000000 0000000000101000 0000000000000000 0000000000011011 0000000000000000 0000000000111001 0000000000000000 0000000000000000 
0000000000000000 0000000000000000 0000000000011101 0000000000101110 0000000001111100 0000000010101001 0000000000000000 0000000000000000 0000000000000000 0000000001010111 0000000000000000 0000000000111110 0000000000000000 0000000001110010 0000000000000000 0000000000000000 
0000000000000000 0000000000100100 0000000000000000 0000000000000000 0000000000100110 0000000011000001 0000000000000000 0000000000000000 0000000000000000 0000000001010001 0000000000000000 0000000001011100 0000000000000000 0000000001100101 0000000000000000 0000000000000000 
0000000000000000 0000000000001110 0000000000000000 0000000000000000 0000000000000000 0000000010001000 0000000000000000 0000000000000000 0000000000000000 0000000001010111 0000000000001010 0000000000010001 0000000000000000 0000000001000100 0000000000010011 0000000000000000 
0000000000000000 0000000000000000 0000000010001010 0000000001101100 0000000010010101 0000000001011011 0000000000000000 0000000000000000 0000000000000000 0000000010000100 0000000000000000 0000000000000000 0000000000001011 0000000000000000 0000000000000000 0000000000000000 
0000000001000001 0000000000000000 0000000001001001 0000000001100011 0000000100100111 0000000010011000 0000000000000000 0000000000000000 0000000000000000 0000000011101001 0000000000000000 0000000001101101 0000000000000000 0000000000000000 0000000000010001 0000000000000000 
0000000010111111 0000000000010111 0000000000000000 0000000000000000 0000000100000001 0000000011010111 0000000000000000 0000000000000000 0000000000000000 0000000011110101 0000000000000000 0000000010100101 0000000000000000 0000000000000000 0000000000001001 0000000000000000 
0000000001111001 0000000001010001 0000000000000000 0000000000000000 0000000000010000 0000000011111100 0000000000000000 0000000000000000 0000000000000000 0000000100001111 0000000001011101 0000000000011101 0000000000000000 0000000000100110 0000000000000000 0000000001001000 
0000000000010010 0000000000000000 0000000000000000 0000000011010100 0000000001101110 0000000000000000 0000000000000000 0000000010001010 0000000011010010 0000000100001101 0000000000001101 0000000000000000 0000000011000101 0000000000100000 0000000000100001 0000000000000000 
0000000010011010 0000000000000000 0000000000000000 0000000100110001 0000000101100110 0000000000000000 0000000000000000 0000000011101111 0000000101001100 0000000100111010 0000000000000000 0000000000000000 0000000010010100 0000000000000000 0000000011001101 0000000000000000 
0000000100100100 0000000000000000 0000000000000000 0000000010010100 0000000111111010 0000000000011011 0000000000000000 0000000010001011 0000000011111101 0000000001111001 0000000000000000 0000000000000000 0000000000000100 0000000000000000 0000000010110011 0000000000000000 
0000000011100100 0000000001011110 0000000000000000 0000000000000000 0000000011010110 0000000001110000 0000000000000000 0000000011011111 0000000000100010 0000000001011101 0000000010111010 0000000000000000 0000000000000000 0000000001101110 0000000000100111 0000000001101001 
0000000000111001 0000000000000000 0000000000000000 0000000001101001 0000000000011110 0000000000000000 0000000000111000 0000000010111000 0000000010101001 0000000001100101 0000000001100011 0000000000000000 0000000001111001 0000000010111111 0000000000110110 0000000000000000 
0000000010111011 0000000000000000 0000000000000000 0000000010010010 0000000010001101 0000000000000000 0000000010011110 0000000011110110 0000000100101110 0000000000000110 0000000000010000 0000000000000000 0000000010111111 0000000100000011 0000000010111110 0000000000000000 
0000000100000110 0000000000010100 0000000000000000 0000000010001101 0000000100101010 0000000000000000 0000000010111111 0000000100100111 0000000011001000 0000000000000000 0000000000000010 0000000000000000 0000000011001111 0000000010110000 0000000011001001 0000000000000000 
0000000011000101 0000000010101000 0000000000000000 0000000000000000 0000000011011101 0000000000000000 0000000001101111 0000000100011001 0000000000000000 0000000000000000 0000000001110010 0000000000000000 0000000010101010 0000000010010011 0000000001101110 0000000000000000 
